1000 100 42
0,414,658,260,217,638,637,520,702,171,693,326,445,551,614,724,953,588,623,595,68,489,596,594,339,326,984,584,845,593,707,664,778,410,404,1012,374,370,513,435,250,874,308,602,548,802,425,677,617,899,937,513,719,668,947,335,207,888,702,131,528,524,705,1096,841,333,952,720,930,163,549,926,285,711,523,719,532,555,638,453,830,971,224,758,438,621,777,235,677,491,654,352,393,315,617,334,979,859,92,887,959,252,243,240,994,846,438,1021,698,555,644,729,807,838,1052,581,651,415,334,596,600,917,816,545,276,795,713,1035
414,0,646,632,242,287,249,493,370,576,712,94,691,221,687,734,794,344,680,685,464,81,195,182,387,96,713,536,516,192,827,540,792,196,60,722,608,417,681,25,289,742,124,777,254,436,554,264,783,943,563,513,417,267,752,602,229,908,416,341,581,589,292,750,857,168,942,323,575,499,383,649,148,571,115,837,336,154,370,45,456,683,604,447,109,746,595,533,273,285,639,720,172,587,240,156,700,659,324,948,987,576,210,207,769,560,268,1030,569,140,779,588,421,669,746,198,553,110,615,508,388,753,498,176,404,530,310,1058
658,646,0,609,719,545,855,157,523,674,72,654,405,866,132,88,357,379,109,159,631,639,792,750,327,593,536,111,567,645,255,179,145,820,586,589,388,292,281,638,449,268,568,310,901,628,260,734,298,298,726,150,471,670,395,436,551,261,439,539,139,152,815,760,210,752,305,678,672,549,290,510,560,204,647,260,338,763,408,681,667,556,618,498,754,225,285,491,685,376,8,629,474,445,591,507,545,346,653,307,341,522,526,703,472,483,378,387,185,694,251,206,685,292,644,819,141,749,457,153,330,335,533,571,382,426,698,413
260,632,609,0,473,792,872,518,838,115,617,556,257,799,518,648,954,692,535,491,192,694,825,813,378,536,1054,576,965,785,561,685,690,665,604,1093,228,389,372,647,374,867,510,435,802,951,349,879,454,777,1085,496,835,854,971,177,402,783,810,290,470,457,922,1212,744,585,860,899,1063,132,622,1005,485,733,726,572,625,783,747,675,985,1053,36,875,679,486,814,133,866,603,608,92,550,164,789,507,1054,895,343,756,842,90,425,491,1034,937,551,910,715,766,498,747,971,859,1141,818,659,657,159,609,685,924,932,722,306,879,899,915
217,242,719,473,0,517,430,563,594,388,770,149,616,335,714,798,950,524,715,702,283,324,397,405,397,187,919,621,742,434,833,668,856,192,260,937,536,434,653,267,271,883,190,749,331,674,539,502,760,996,803,569,630,510,924,510,168,973,621,223,612,614,513,985,922,117,1024,566,811,357,522,857,182,709,358,844,488,358,564,270,696,896,439,665,231,746,756,417,516,437,713,566,310,491,478,248,909,831,130,991,1050,448,194,35,956,770,394,1104,701,377,775,728,663,826,967,375,668,207,515,614,553,910,720,409,367,729,552,1125
638,287,545,792,517,0,361,433,83,773,618,370,757,427,636,629,565,166,621,647,668,216,305,256,440,332,433,441,228,137,782,382,680,473,256,437,684,450,697,262,419,536,338,778,475,163,579,198,777,832,298,464,143,128,506,700,431,784,155,525,544,560,283,468,736,456,793,134,295,664,260,370,357,391,194,789,219,297,145,285,193,400,774,164,373,719,377,667,142,208,537,866,247,692,63,304,419,420,562,847,860,715,395,482,506,282,250,886,398,218,753,404,179,448,459,348,412,385,719,392,215,526,211,111,497,265,153,921
637,249,855,872,430,361,0,712,435,806,925,316,940,121,915,944,926,498,905,916,695,220,63,108,631,343,776,744,549,226,1059,719,999,262,297,766,857,658,925,243,538,894,373,1019,164,436,797,186,1024,1153,522,737,503,250,867,851,474,1111,517,584,810,821,127,730,1061,314,1133,293,563,742,569,714,396,738,207,1068,520,97,498,204,434,735,842,515,199,982,736,781,242,479,847,962,401,836,298,403,758,782,544,1162,1190,822,459,399,861,632,483,1225,741,161,1016,753,386,808,773,55,741,223,865,706,549,887,547,289,653,624,263,1257
520,493,157,518,563,433,712,0,431,561,218,497,371,715,206,242,443,271,194,214,502,493,649,610,180,436,547,64,512,513,352,167,301,663,434,592,322,149,278,487,295,358,410,349,748,546,187,608,346,450,662,32,394,549,453,361,395,418,363,394,112,129,685,738,366,595,462,567,619,432,174,505,402,215,505,360,213,618,314,530,585,554,518,430,600,286,298,387,564,239,150,557,321,364,469,350,550,377,504,454,497,427,369,546,517,452,229,545,197,553,320,229,594,341,644,673,141,593,383,92,233,409,477,437,245,392,583,570
702,370,523,838,594,83,435,431,0,828,595,450,778,508,627,603,497,162,609,641,727,299,383,333,472,408,350,428,148,217,770,349,649,557,335,353,711,476,706,345,472,477,410,781,557,117,595,260,778,798,246,464,69,189,432,731,497,747,92,584,544,561,344,394,701,538,748,169,228,714,257,286,428,348,278,777,229,377,117,369,155,316,822,81,456,715,319,709,200,237,515,907,309,726,143,370,335,351,631,816,820,757,459,560,426,199,287,841,359,299,748,358,163,386,376,427,384,469,752,375,198,459,127,194,536,188,197,877
171,576,674,115,388,773,806,561,828,0,691,492,361,722,598,723,1004,695,612,573,111,646,763,758,398,483,1076,623,964,745,658,723,770,580,558,1111,315,418,464,595,356,919,461,537,719,935,416,834,554,869,1070,545,834,818,1011,265,353,870,813,248,534,524,868,1214,828,504,942,868,1056,129,637,1022,437,772,680,669,631,722,748,617,967,1070,81,874,608,578,847,183,829,600,671,197,525,247,760,473,1074,930,262,850,933,164,384,411,1069,949,546,999,755,716,594,788,948,900,1155,751,702,585,252,649,696,971,932,690,324,893,864,1007
693,712,72,617,770,618,925,218,595,691,0,715,391,932,103,31,385,451,83,133,660,707,862,820,374,654,589,181,635,717,192,249,86,881,652,643,389,337,262,704,499,298,628,268,966,699,276,806,254,231,794,203,542,742,435,440,602,202,510,579,164,169,887,819,152,811,259,750,739,571,362,568,618,268,717,195,409,832,480,748,737,612,629,568,818,181,344,507,757,446,80,625,539,452,664,568,599,397,696,237,280,533,580,756,514,547,445,333,250,764,201,268,757,340,699,888,212,812,459,225,403,368,601,642,420,492,771,354
326,94,654,556,149,370,316,497,450,492,715,0,642,254,676,740,840,398,673,670,380,174,271,268,362,61,784,548,598,285,810,571,798,166,114,797,559,396,649,118,245,781,87,746,271,525,524,357,754,946,653,511,491,360,806,546,162,915,485,268,570,576,379,837,864,102,956,417,663,426,416,720,100,607,209,820,375,229,432,127,546,758,526,523,128,725,642,468,367,322,647,646,194,529,329,147,773,713,234,947,994,508,156,114,830,633,291,1042,602,233,757,625,513,715,825,261,578,110,557,529,435,800,576,260,361,596,404,1067
445,691,405,257,616,757,940,371,778,361,391,642,0,897,288,420,763,617,309,259,385,730,883,858,322,600,914,412,878,794,305,530,454,789,645,961,83,307,129,698,402,673,570,177,913,896,185,894,196,524,1020,340,754,851,796,109,483,535,724,393,281,263,956,1109,501,706,615,884,984,282,526,875,548,573,756,315,549,843,668,736,933,924,283,792,770,235,659,209,865,549,406,239,554,129,775,538,919,734,497,501,589,201,487,621,869,824,509,658,554,803,242,584,933,687,1014,889,495,753,112,459,592,739,843,720,287,763,893,660
551,221,866,799,335,427,121,715,508,722,932,254,897,0,909,954,982,537,902,906,613,235,136,181,605,299,857,755,637,291,1048,749,1011,150,280,854,813,637,898,228,497,940,330,994,49,530,771,286,1001,1164,629,735,571,338,930,800,415,1127,579,519,802,811,245,835,1076,218,1157,389,664,673,592,794,349,774,240,1058,544,131,549,184,534,820,767,590,126,967,785,720,334,496,858,891,393,783,365,376,841,841,459,1169,1206,759,409,310,933,708,487,1247,775,209,1000,791,488,860,866,89,766,144,811,724,586,941,629,332,613,692,362,1276
614,687,132,518,714,636,915,206,627,598,103,676,288,909,0,132,483,471,23,29,575,694,852,814,319,619,669,199,687,719,146,301,172,842,629,721,290,283,159,683,445,394,590,177,939,738,189,814,166,285,844,178,581,755,526,341,548,274,550,510,106,100,891,889,230,767,344,770,793,482,376,641,577,333,709,154,418,819,509,726,776,688,533,612,789,93,416,415,770,445,137,523,517,355,675,535,677,479,627,277,344,437,531,704,604,609,432,406,313,757,123,337,790,425,776,873,262,780,360,253,428,463,652,643,350,551,788,420
724,734,88,648,798,629,944,242,603,723,31,740,420,954,132,0,364,463,113,161,691,727,880,838,403,679,578,199,635,732,203,254,58,906,674,633,420,366,291,726,527,278,653,291,989,704,307,821,275,209,795,229,547,755,418,471,630,175,516,609,195,201,902,812,124,837,228,761,738,602,377,560,644,267,736,204,425,851,489,769,742,604,660,572,841,204,338,539,770,464,96,655,562,484,677,593,589,387,726,219,254,564,607,784,498,544,466,305,251,782,220,265,763,328,689,907,218,836,490,239,414,350,603,659,450,491,783,327
953,794,357,954,950,565,926,443,497,1004,385,840,763,982,483,364,0,449,460,512,942,750,869,820,616,781,271,380,439,701,562,289,364,989,739,326,741,589,638,775,710,89,766,654,1027,549,607,757,639,449,582,459,427,685,84,786,795,390,410,823,489,504,841,518,370,943,342,663,513,875,427,289,769,243,741,561,465,855,432,812,577,314,958,425,900,566,198,828,697,518,356,982,647,794,628,703,290,145,922,482,435,865,761,924,157,330,556,421,255,776,585,225,617,124,378,909,303,904,808,358,406,40,419,649,686,312,692,462
588,344,379,692,524,166,498,271,162,695,451,398,617,537,471,463,449,0,455,483,602,302,437,390,318,342,400,275,272,275,617,222,515,541,291,425,551,318,544,325,342,402,333,620,581,279,433,358,618,668,403,303,142,291,408,575,392,621,118,460,384,400,441,520,573,499,636,300,373,574,96,339,343,239,298,624,68,416,54,363,317,383,680,182,450,557,250,561,306,96,370,756,214,570,214,276,392,315,530,682,699,608,354,493,433,258,149,729,243,339,590,255,322,325,464,472,249,455,596,226,51,408,239,209,386,209,320,762
623,680,109,535,715,621,905,194,609,612,83,673,309,902,23,113,460,455,0,52,586,685,843,804,319,614,646,181,667,707,161,280,158,839,622,698,307,282,180,676,445,371,586,200,933,719,199,801,189,280,824,168,563,740,503,358,549,265,531,515,103,101,879,867,218,765,332,755,773,494,360,618,574,310,699,168,404,810,492,719,758,665,548,593,784,116,393,428,756,433,114,542,510,371,661,530,654,456,632,275,338,452,531,704,580,587,422,398,291,747,144,315,773,401,754,865,241,775,377,234,411,440,632,631,355,530,773,413
595,685,159,491,702,647,916,214,641,573,133,670,259,906,29,161,512,483,52,0,554,696,854,817,310,613,694,216,707,725,142,323,199,835,627,746,263,274,129,682,434,423,584,151,935,753,170,821,142,303,862,184,598,763,555,314,537,297,566,494,106,95,897,912,254,759,369,781,813,459,387,665,570,356,711,151,427,820,523,725,792,712,506,630,785,74,440,390,778,451,163,494,517,328,683,531,702,505,611,292,365,411,523,693,632,631,435,428,336,760,107,362,804,452,801,874,284,775,332,270,442,492,671,648,336,572,798,440
68,464,631,192,283,668,695,502,727,111,660,380,385,613,575,691,942,602,586,554,0,535,652,646,326,372,992,566,866,635,658,655,743,475,447,1023,319,353,463,483,259,860,351,548,613,831,386,723,564,857,967,491,738,709,942,276,243,850,718,143,496,490,757,1117,804,397,917,759,956,102,553,936,326,703,569,670,541,610,654,505,862,982,157,778,497,573,774,177,719,506,628,284,421,256,653,366,988,856,154,843,919,187,275,303,994,859,452,982,688,604,595,720,841,831,1066,639,638,475,273,584,608,907,836,582,256,805,754,994
489,81,639,694,324,216,220,493,299,646,707,174,730,235,694,727,750,302,685,696,535,0,158,127,414,163,648,527,443,110,838,514,784,257,90,653,648,440,707,56,334,705,185,800,278,358,579,188,804,937,482,516,353,186,701,648,294,898,356,404,590,601,229,672,847,244,924,242,497,561,359,584,210,539,34,847,310,124,318,69,376,616,668,379,157,761,552,587,192,264,631,780,181,635,163,194,634,611,401,945,977,632,268,288,712,496,263,1015,539,73,795,555,340,626,675,180,532,169,663,493,351,709,427,106,443,470,229,1045
596,195,792,825,397,305,63,649,383,763,862,271,883,136,852,880,869,437,843,854,652,158,0,49,571,291,728,681,504,168,996,657,936,250,238,722,800,598,864,185,482,834,319,958,186,395,737,149,963,1090,492,674,448,204,812,796,424,1048,461,535,748,759,120,698,998,287,1071,253,527,693,506,665,343,676,144,1005,457,41,439,150,398,688,796,463,167,920,677,728,198,415,784,914,339,782,242,345,711,726,504,1099,1127,771,406,365,809,581,420,1162,679,98,954,692,352,750,732,46,679,192,810,643,488,830,499,227,595,570,225,1194
594,182,750,813,405,256,108,610,333,758,820,268,858,181,814,838,820,390,804,817,646,127,49,0,541,277,679,639,456,119,959,610,893,277,214,673,776,566,833,166,460,786,304,925,231,349,705,110,929,1047,451,635,399,157,762,774,411,1004,411,523,711,723,110,656,954,301,1025,208,483,681,462,616,328,629,105,968,413,56,390,141,354,640,786,414,184,884,628,711,153,373,742,901,307,761,192,320,662,676,503,1057,1083,755,389,371,759,532,382,1117,633,56,918,644,309,701,685,94,633,207,789,600,441,780,450,181,571,520,182,1149
339,387,327,378,397,440,631,180,472,398,374,362,322,605,319,403,616,318,319,310,326,414,571,541,0,307,680,244,590,472,448,329,460,525,334,717,245,36,294,389,126,535,277,389,630,587,166,572,396,598,718,178,460,528,616,260,230,576,434,213,215,218,636,835,526,449,630,563,691,269,244,628,261,377,437,458,249,533,372,430,624,676,369,500,481,363,450,244,542,235,322,438,234,254,453,230,678,532,325,595,653,291,212,385,671,559,189,707,362,485,396,394,618,505,764,583,313,469,280,257,307,580,556,398,74,501,570,728
326,96,593,536,187,332,343,436,408,483,654,61,600,299,619,679,781,342,614,613,372,163,291,277,307,0,734,486,556,267,754,510,737,226,79,750,516,340,598,111,198,720,30,695,323,492,472,351,702,886,624,451,443,342,748,508,134,855,435,245,512,519,386,800,803,164,895,396,627,403,356,671,53,547,197,764,315,249,380,140,516,710,508,478,174,671,584,437,351,262,586,623,133,493,299,86,723,655,240,887,934,480,115,153,775,584,229,981,541,232,703,565,488,656,780,291,517,162,521,467,377,741,533,228,314,545,387,1006
984,713,536,1054,919,433,776,547,350,1076,589,784,914,857,669,578,271,400,646,694,992,648,728,679,680,734,0,502,228,566,781,384,597,905,670,56,870,666,804,690,735,319,729,846,906,346,735,591,835,708,334,575,295,525,187,907,793,649,299,855,635,653,667,247,620,879,611,485,264,949,439,64,741,341,628,782,452,726,355,717,363,49,1049,269,806,761,255,921,533,495,531,1103,612,909,494,676,21,191,930,739,702,965,755,888,122,152,546,692,361,649,787,333,410,250,112,773,419,817,930,456,384,255,229,541,754,191,516,733
584,536,111,576,621,441,744,64,428,623,181,548,412,755,199,199,380,275,181,216,566,527,681,639,244,486,502,0,491,536,342,118,256,713,476,549,372,213,305,527,357,295,462,363,791,538,236,627,357,409,646,79,382,564,395,414,455,371,350,457,134,152,707,705,320,647,408,575,598,494,182,464,456,162,536,349,229,652,310,570,577,513,578,414,644,289,248,448,579,265,103,611,364,419,485,400,507,324,567,418,451,486,427,603,462,420,268,494,143,583,322,174,591,283,603,708,84,640,436,54,230,348,456,461,310,361,594,522
845,516,567,965,742,228,549,512,148,964,635,598,878,637,687,635,439,272,667,707,866,443,504,456,590,556,228,491,0,349,823,388,673,699,483,217,817,588,791,491,608,446,558,855,686,118,692,363,848,810,159,545,130,300,361,844,641,754,156,723,621,639,439,250,714,684,739,257,106,845,353,171,575,368,418,827,340,506,218,512,140,185,952,89,598,780,306,833,307,363,560,1028,453,841,281,515,209,302,777,835,821,880,603,708,329,108,417,830,384,432,811,371,184,353,232,550,427,612,866,437,287,407,35,340,659,146,288,869
593,192,645,785,434,137,226,513,217,745,717,285,794,291,719,732,701,275,707,725,635,110,168,119,472,267,566,536,349,0,866,497,786,353,188,565,715,492,755,167,414,667,285,844,340,253,630,99,846,940,373,541,281,75,643,721,392,895,292,499,620,633,171,568,846,352,912,131,392,652,355,503,309,513,77,874,307,160,272,172,268,530,761,298,252,795,509,671,84,274,637,867,242,710,74,277,550,557,507,952,973,717,362,399,643,417,294,1004,518,83,829,528,230,582,581,210,523,269,738,493,327,661,339,77,514,402,120,1038
707,827,255,561,833,782,1059,352,770,658,192,810,305,1048,146,203,562,617,161,142,658,838,996,959,448,754,781,342,823,866,0,434,200,973,770,835,344,413,196,824,570,480,724,130,1076,879,294,961,111,221,981,324,722,901,620,393,672,243,691,618,248,237,1038,1012,221,896,326,916,928,558,522,760,710,459,853,11,564,962,653,867,918,805,583,752,926,87,536,485,916,591,262,541,659,411,821,672,792,589,735,196,287,494,659,827,701,738,576,356,440,902,64,460,934,531,891,1016,396,916,406,395,573,551,788,789,465,682,934,356
664,540,179,685,668,382,719,167,349,723,249,571,530,749,301,254,289,222,280,323,655,514,657,610,329,510,384,118,388,497,434,0,300,730,481,431,488,305,422,526,421,214,491,474,789,450,352,579,465,450,546,193,293,510,288,528,509,401,262,534,251,270,662,590,353,674,414,511,493,594,157,347,491,48,515,439,205,633,239,567,488,395,684,319,649,395,130,554,525,255,172,725,378,531,436,427,388,210,634,467,477,594,476,645,349,308,280,506,33,558,425,65,509,176,485,690,39,649,550,75,170,252,354,429,401,249,534,540
778,792,145,690,856,680,999,301,649,770,86,798,454,1011,172,58,364,515,158,199,743,784,936,893,460,737,597,256,673,786,200,300,0,964,732,653,462,424,325,783,585,285,711,308,1047,748,357,873,290,153,833,288,591,806,427,513,688,117,561,665,249,253,955,837,66,895,174,810,773,652,431,585,703,307,792,197,480,908,538,827,785,627,705,614,899,224,370,586,821,520,153,692,620,527,730,651,611,408,782,167,196,609,666,842,508,577,524,247,292,838,233,301,808,348,709,964,267,894,531,293,465,357,641,713,505,527,833,269
410,196,820,665,192,473,262,663,557,580,881,166,789,150,842,906,989,541,839,835,475,257,250,277,525,226,905,713,699,353,973,730,964,0,250,910,706,560,807,217,404,935,253,904,138,607,684,386,914,1112,722,678,610,419,948,686,308,1081,610,398,736,741,370,921,1030,82,1121,476,745,545,573,841,264,763,281,984,528,220,566,188,619,873,631,636,101,888,790,599,420,476,813,758,352,668,418,312,891,856,321,1113,1160,634,314,174,964,752,451,1207,760,274,919,781,578,865,931,214,739,88,695,691,583,949,684,363,517,725,454,1233
404,60,586,604,260,256,297,434,335,558,652,114,645,280,629,674,739,291,622,627,447,90,238,214,334,79,670,476,483,188,770,481,732,250,0,683,562,363,628,54,245,685,96,723,314,414,501,276,729,884,545,454,376,263,699,560,205,848,371,315,523,532,319,724,797,209,881,316,550,471,324,606,121,513,122,779,278,199,321,97,437,643,578,408,169,690,540,498,272,226,579,689,112,546,220,106,658,607,319,889,927,542,178,225,720,518,208,970,510,163,723,531,408,614,710,249,494,168,575,448,332,698,462,149,357,484,308,998
1012,722,589,1093,937,437,766,592,353,1111,643,797,961,854,721,633,326,425,698,746,1023,653,722,673,717,750,56,549,217,565,835,431,653,910,683,0,915,705,853,698,765,376,747,898,903,331,780,580,887,764,298,621,307,517,242,950,817,705,316,884,683,701,653,192,676,890,667,473,230,985,473,88,761,391,631,837,482,723,376,722,341,41,1086,275,810,814,305,960,524,521,584,1144,633,951,494,697,43,246,954,795,758,1004,779,904,173,167,574,748,411,648,840,384,390,305,56,768,468,823,973,501,415,311,226,547,790,218,504,789
374,608,388,228,536,684,857,322,711,315,389,559,83,813,290,420,741,551,307,263,319,648,800,776,245,516,870,372,817,715,344,488,462,706,562,915,0,235,149,615,319,652,486,229,829,828,136,815,245,554,955,295,691,774,766,51,399,557,662,312,251,236,875,1054,516,624,632,809,922,216,464,827,464,534,675,355,482,760,603,653,865,876,244,730,686,263,619,142,788,477,387,241,474,67,699,455,873,697,419,535,618,150,403,539,834,770,435,685,515,721,280,547,862,654,966,806,457,670,69,415,530,713,782,642,205,710,816,692
370,417,292,389,434,450,658,149,476,418,337,396,307,637,283,366,589,318,282,274,353,440,598,566,36,340,666,213,588,492,413,305,424,560,363,705,235,0,266,418,162,507,310,360,663,592,139,592,365,562,721,143,459,545,593,257,266,540,432,247,179,182,658,830,489,484,594,576,690,289,237,616,296,353,461,424,249,561,371,460,630,664,383,498,513,330,429,255,559,242,287,443,259,253,468,261,665,511,360,558,616,299,248,422,651,550,202,671,337,510,363,370,627,481,753,612,286,502,278,231,301,555,553,416,97,491,586,691
513,681,281,372,653,697,925,278,706,464,262,649,129,898,159,291,638,544,180,129,463,707,864,833,294,598,804,305,791,755,196,422,325,807,628,853,149,266,0,683,403,549,568,97,920,822,127,854,107,405,940,245,672,803,676,199,499,411,641,432,172,153,923,1011,374,727,489,829,897,362,448,769,550,462,728,207,480,827,590,724,860,818,391,708,772,114,548,288,818,491,283,367,525,216,724,524,810,619,547,386,470,299,494,651,750,726,460,538,442,776,131,471,866,569,908,877,385,759,214,358,510,616,755,678,290,666,842,543
435,25,638,647,267,262,243,487,345,595,704,118,698,228,683,726,775,325,676,682,483,56,185,166,389,111,690,527,491,167,824,526,783,217,54,698,615,418,683,0,296,725,137,778,264,411,555,242,783,935,537,507,394,242,731,611,245,899,393,356,577,586,275,725,847,193,930,299,549,514,369,625,162,555,91,834,321,145,349,43,430,659,620,423,125,744,576,545,249,271,630,734,166,596,215,160,676,640,346,941,978,589,223,232,747,537,259,1019,554,120,778,572,396,651,722,194,541,130,625,497,370,734,473,151,410,507,285,1048
250,289,449,374,271,419,538,295,472,356,499,245,402,497,445,527,710,342,445,434,259,334,482,460,126,198,735,357,608,414,570,421,585,404,245,765,319,162,403,296,0,635,167,501,517,580,280,511,509,724,715,299,479,481,699,314,103,701,458,119,342,344,564,858,651,326,753,525,700,244,299,677,147,467,363,581,283,442,394,333,613,723,354,519,370,484,529,256,493,246,443,453,176,300,415,140,730,610,212,721,778,303,90,259,745,599,192,832,455,407,515,485,597,592,806,487,413,356,329,358,351,673,577,349,116,547,526,853
874,742,268,867,883,536,894,358,477,919,298,781,673,940,394,278,89,402,371,423,860,705,834,786,535,720,319,295,446,667,480,214,285,935,685,376,652,507,549,725,635,0,703,566,983,546,518,733,552,388,599,373,408,661,142,698,724,329,385,745,400,415,818,565,301,884,297,646,533,790,364,320,704,173,700,479,407,817,395,764,578,355,871,415,850,479,159,741,675,459,266,893,587,705,597,640,335,146,847,419,385,777,691,859,223,339,492,385,181,738,499,155,613,93,431,872,222,852,719,278,355,71,421,609,604,305,674,425
308,124,568,510,190,338,373,410,410,461,628,87,570,330,590,653,766,333,586,584,351,185,319,304,277,30,729,462,558,285,724,491,711,253,96,747,486,310,568,137,167,703,0,664,353,500,441,373,672,859,633,424,441,359,736,478,109,829,431,219,484,490,412,805,777,185,870,411,634,377,339,666,24,529,218,735,300,278,374,169,526,706,483,477,204,641,570,409,369,248,561,597,120,463,310,63,719,643,226,860,907,452,86,160,766,580,211,955,523,256,673,547,500,641,779,321,496,191,491,445,364,725,533,238,283,539,404,980
602,777,310,435,749,778,1019,349,781,537,268,746,177,994,177,291,654,620,200,151,548,800,958,925,389,695,846,363,855,844,130,474,308,904,723,898,229,360,97,778,501,566,664,0,1017,895,223,942,19,352,1008,317,742,889,702,274,597,370,710,527,236,219,1014,1064,343,824,453,912,961,446,523,817,646,508,820,140,559,921,664,820,934,864,459,776,869,87,592,371,904,575,314,411,618,294,809,620,854,656,640,326,417,374,591,747,780,782,549,487,488,869,75,513,943,602,953,972,435,856,284,417,583,637,819,767,387,723,926,486
548,254,901,802,331,475,164,748,557,719,966,271,913,49,939,989,1027,581,933,935,613,278,186,231,630,323,906,791,686,340,1076,789,1047,138,314,903,829,663,920,264,517,983,353,1017,0,580,795,335,1025,1198,678,767,619,388,976,814,430,1163,627,528,832,840,291,884,1111,216,1195,438,713,679,632,843,370,816,286,1086,584,180,594,222,584,869,769,639,149,993,830,730,383,535,894,894,427,796,413,403,890,887,459,1203,1242,767,428,310,981,757,523,1284,816,257,1026,833,538,904,916,139,805,161,823,762,629,987,678,378,633,739,411,1313
802,436,628,951,674,163,436,546,117,935,699,525,896,530,738,704,549,279,719,753,831,358,395,349,587,492,346,538,118,253,879,450,748,607,414,331,828,592,822,411,580,546,500,895,580,0,712,250,891,892,135,579,157,192,474,848,595,838,189,688,658,675,322,314,795,602,832,143,139,824,373,290,520,441,328,885,346,402,231,424,38,302,933,134,506,827,395,823,196,352,621,1022,410,842,196,468,327,407,725,913,909,871,559,639,447,220,401,924,455,333,860,449,68,453,336,442,487,522,868,484,312,514,129,265,650,241,173,962
425,554,260,349,539,579,797,187,595,416,276,524,185,771,189,307,607,433,199,170,386,579,737,705,166,472,735,236,692,630,294,352,357,684,501,780,136,139,127,555,280,518,441,223,795,712,0,729,230,473,835,159,569,680,630,179,379,464,539,325,120,109,797,924,418,606,531,709,798,294,341,693,424,398,601,305,366,699,483,597,750,742,357,606,646,206,483,232,695,371,258,376,398,186,602,397,738,560,443,462,534,262,370,533,698,639,337,596,378,649,236,410,752,518,832,750,320,633,201,279,406,578,657,554,171,578,720,609
677,264,734,879,502,198,186,608,260,834,806,357,894,286,814,821,757,358,801,821,723,188,149,110,572,351,591,627,363,99,961,579,873,386,276,580,815,592,854,242,511,733,373,942,335,250,729,0,944,1026,343,637,329,71,692,820,481,979,348,591,716,730,85,549,931,405,991,106,379,746,444,530,397,589,154,969,398,167,343,231,249,549,854,336,291,892,574,768,59,370,726,963,341,809,143,372,572,611,588,1040,1056,814,454,467,681,450,393,1084,596,124,926,602,202,644,586,196,607,313,837,581,409,718,362,175,613,448,77,1118
617,783,298,454,760,777,1024,346,778,554,254,754,196,1001,166,275,639,618,189,142,564,804,963,929,396,702,835,357,848,846,111,465,290,914,729,887,245,365,107,783,509,552,672,19,1025,891,230,944,0,332,1003,314,737,889,688,291,606,351,706,539,233,217,1016,1055,324,834,434,911,955,462,521,807,654,499,824,120,558,926,660,825,930,854,478,770,876,73,582,387,904,575,303,430,623,311,809,626,844,645,654,306,398,391,600,758,767,774,551,467,479,872,57,503,940,589,943,978,426,863,302,411,579,623,813,769,397,715,926,466
899,943,298,777,996,832,1153,450,798,869,231,946,524,1164,285,209,449,668,280,303,857,937,1090,1047,598,886,708,409,810,940,221,450,153,1112,884,764,554,562,405,935,724,388,859,352,1198,892,473,1026,332,0,969,434,737,959,525,604,828,59,708,795,383,382,1108,954,96,1041,126,961,907,760,585,706,849,451,945,212,633,1061,689,979,928,743,797,757,1050,291,504,690,974,674,306,762,771,621,882,800,723,527,912,37,65,705,808,984,605,710,676,135,439,992,281,443,954,468,819,1117,419,1044,619,447,617,454,780,867,635,663,984,138
937,563,726,1085,803,298,522,662,246,1070,794,653,1020,629,844,795,582,403,824,862,967,482,492,451,718,624,334,646,159,373,981,546,833,722,545,298,955,721,940,537,715,599,633,1008,678,135,835,343,1003,969,0,694,267,302,499,977,730,913,298,824,772,790,396,208,874,725,895,246,70,959,494,295,654,527,450,986,472,507,352,546,107,285,1068,232,622,936,465,956,302,483,719,1154,546,972,325,603,312,453,859,994,979,1004,694,768,452,261,534,984,544,447,967,531,143,508,280,539,585,641,998,591,430,554,192,396,782,306,269,1024
513,513,150,496,569,464,737,32,464,545,203,511,340,735,178,229,459,303,168,184,491,516,674,635,178,451,575,79,545,541,324,193,288,678,454,621,295,143,245,507,299,373,424,317,767,579,159,637,314,434,694,0,427,579,475,335,401,405,396,390,80,97,713,769,354,607,454,598,652,417,206,534,415,239,530,333,244,641,347,551,617,583,498,462,618,256,324,368,594,267,144,532,341,339,499,366,579,402,503,436,483,406,378,554,540,484,253,534,220,579,290,252,626,362,674,696,163,611,357,119,266,428,509,464,237,424,614,557
719,417,471,835,630,143,503,394,69,834,542,491,754,571,581,547,427,142,563,598,738,353,448,399,460,443,295,382,130,281,722,293,591,610,376,307,691,459,672,394,479,408,441,742,619,157,569,329,737,737,267,427,0,258,364,716,518,685,31,596,505,523,413,379,640,584,683,238,231,715,227,231,456,286,335,728,211,441,88,422,196,267,822,40,511,672,251,703,270,234,463,899,330,712,207,394,282,282,654,757,757,750,479,597,362,143,287,776,299,362,704,295,217,317,338,491,329,522,737,328,162,389,97,246,529,121,266,813
668,267,670,854,510,128,250,549,189,818,742,360,851,338,755,755,685,291,740,763,709,186,204,157,528,342,525,564,300,75,901,510,806,419,263,517,774,545,803,242,481,661,359,889,388,192,680,71,889,959,302,579,258,0,621,783,465,911,276,571,659,673,156,502,863,424,921,57,328,722,381,463,383,519,152,909,336,210,273,245,200,485,831,266,319,835,502,737,15,313,662,935,306,772,79,347,507,540,583,974,988,784,434,474,612,381,343,1014,527,144,869,532,159,572,528,250,539,338,801,517,341,647,296,132,576,377,45,1049
947,752,395,971,924,506,867,453,432,1011,435,806,796,930,526,418,84,408,503,555,942,701,812,762,616,748,187,395,361,643,620,288,427,948,699,242,766,593,676,731,699,142,736,702,976,474,630,692,688,525,499,475,364,621,0,809,776,466,351,815,516,533,775,434,442,907,424,595,430,882,404,205,742,239,689,620,436,801,383,766,500,229,971,357,855,615,170,841,632,487,393,1006,616,814,569,676,206,93,908,558,516,881,740,896,81,253,530,505,256,721,636,224,542,112,296,854,312,862,831,362,371,71,344,598,689,244,625,546
335,602,436,177,510,700,851,361,731,265,440,546,109,800,341,471,786,575,358,314,276,648,796,774,260,508,907,414,844,721,393,528,513,686,560,950,51,257,199,611,314,698,478,274,814,848,179,820,291,604,977,335,716,783,809,0,384,608,688,288,298,284,877,1084,568,604,683,820,947,174,492,862,455,575,676,404,506,755,628,647,884,911,193,755,674,313,658,99,796,496,435,197,479,20,710,454,909,738,388,585,669,100,393,517,876,802,450,736,556,721,329,588,879,697,1001,799,498,656,22,453,557,758,809,650,207,742,826,742
207,229,551,402,168,431,474,395,497,353,602,162,483,415,548,630,795,392,549,537,243,294,424,411,230,134,793,455,641,392,672,509,688,308,205,817,399,266,499,245,103,724,109,597,430,595,379,481,606,828,730,401,518,465,776,384,0,805,502,111,445,448,520,891,754,227,855,516,724,269,372,732,84,552,327,683,344,382,440,273,623,775,374,556,290,585,606,307,476,298,544,490,188,367,411,127,785,685,137,825,882,348,38,155,815,649,248,935,542,365,616,570,600,674,854,420,505,271,395,450,413,756,613,340,209,602,511,957
888,908,261,783,973,784,1111,418,747,870,202,915,535,1127,274,175,390,621,265,297,850,898,1048,1004,576,855,649,371,754,895,243,401,117,1081,848,705,557,540,411,899,701,329,829,370,1163,838,464,979,351,59,913,405,685,911,466,608,805,0,656,779,363,365,1063,895,51,1013,83,912,850,756,542,647,820,398,904,235,591,1021,640,942,875,684,801,704,1016,300,448,688,926,634,269,775,736,623,836,768,664,469,896,93,79,707,783,959,545,653,640,132,387,950,296,390,902,410,760,1077,372,1011,624,405,570,395,724,824,619,608,935,152
702,416,439,810,621,155,517,363,92,813,510,485,724,579,550,516,410,118,531,566,718,356,461,411,434,435,299,350,156,292,691,262,561,610,371,316,662,432,641,393,458,385,431,710,627,189,539,348,706,708,298,396,31,276,351,688,502,656,0,576,474,492,433,402,611,581,656,262,259,692,198,235,444,257,341,696,185,450,64,424,227,275,798,67,513,640,227,678,289,212,432,873,317,685,218,380,288,265,640,728,729,725,464,589,355,148,266,749,269,371,672,267,247,295,351,502,298,522,710,296,132,371,121,250,504,114,289,785
131,341,539,290,223,525,584,394,584,248,579,268,393,519,510,609,823,460,515,494,143,404,535,523,213,245,855,457,723,499,618,534,665,398,315,884,312,247,432,356,119,745,219,527,528,688,325,591,539,795,824,390,596,571,815,288,111,779,576,0,415,413,632,974,730,316,838,620,812,158,418,797,194,581,437,629,402,493,512,384,719,843,263,635,395,530,646,202,582,364,534,379,278,270,512,225,850,727,117,786,853,240,137,228,863,718,310,911,568,476,557,598,700,707,925,529,522,375,296,466,470,786,693,442,159,666,617,928
528,581,139,470,612,544,810,112,544,534,164,570,281,802,106,195,489,384,103,106,496,590,748,711,215,512,635,134,621,620,248,251,249,736,523,683,251,179,172,577,342,400,484,236,832,658,120,716,233,383,772,80,505,659,516,298,445,363,474,415,0,18,791,839,314,662,423,678,727,411,287,598,471,293,605,257,325,714,427,620,697,647,478,540,682,175,379,351,674,346,138,493,411,307,579,429,640,453,532,379,438,382,427,601,588,554,328,495,273,654,210,303,706,406,737,768,215,673,319,186,346,462,585,543,256,494,694,514
524,589,152,457,614,560,821,129,561,524,169,576,263,811,100,201,504,400,101,95,490,601,759,723,218,519,653,152,639,633,237,270,253,741,532,701,236,182,153,586,344,415,490,219,840,675,109,730,217,382,790,97,523,673,533,284,448,365,492,413,18,0,804,857,317,667,428,694,745,402,303,617,477,311,617,247,340,725,444,630,714,665,466,558,690,162,397,341,688,360,151,478,421,293,594,436,658,471,531,376,439,370,431,604,605,572,340,498,291,666,196,321,723,424,755,778,233,681,305,204,363,478,603,556,253,512,709,515
705,292,815,922,513,283,127,685,344,868,887,379,956,245,891,902,841,441,879,897,757,229,120,110,636,386,667,707,439,171,1038,662,955,370,319,653,875,658,923,275,564,818,412,1014,291,322,797,85,1016,1108,396,713,413,156,775,877,520,1063,433,632,791,804,0,605,1014,406,1075,182,441,789,525,608,437,674,200,1046,478,156,428,251,314,624,895,418,287,966,659,817,143,446,807,1009,402,864,226,423,648,696,614,1122,1140,862,497,480,761,530,465,1168,680,156,1001,687,266,729,655,159,690,311,893,663,492,803,441,248,671,531,152,1203
1096,750,760,1212,985,468,730,738,394,1214,819,837,1109,835,889,812,518,520,867,912,1117,672,698,656,835,800,247,705,250,568,1012,590,837,921,724,192,1054,830,1011,725,858,565,805,1064,884,314,924,549,1055,954,208,769,379,502,434,1084,891,895,402,974,839,857,605,0,864,917,858,448,175,1094,592,252,823,556,643,1014,587,711,466,739,302,210,1201,339,820,983,475,1080,504,613,754,1273,703,1082,509,764,230,429,1026,984,949,1126,853,950,363,285,667,940,576,646,1011,553,346,489,141,745,629,837,1106,653,528,503,281,576,906,345,473,981
841,857,210,744,922,736,1061,366,701,828,152,864,501,1076,230,124,370,573,218,254,804,847,998,954,526,803,620,320,714,846,221,353,66,1030,797,676,516,489,374,847,651,301,777,343,1111,795,418,931,324,96,874,354,640,863,442,568,754,51,611,730,314,317,1014,864,0,961,115,865,812,712,492,615,769,354,854,215,541,970,592,891,832,653,761,661,964,266,408,645,878,583,217,740,684,583,787,717,635,436,847,120,130,666,732,908,522,615,588,181,342,900,268,346,858,376,732,1027,323,959,585,354,522,370,684,774,570,568,888,203
333,168,752,585,117,456,314,595,538,504,811,102,706,218,767,837,943,499,765,759,397,244,287,301,449,164,879,647,684,352,896,674,895,82,209,890,624,484,727,193,326,884,185,824,216,602,606,405,834,1041,725,607,584,424,907,604,227,1013,581,316,662,667,406,917,961,0,1056,482,741,463,519,815,192,710,275,907,477,250,531,179,620,851,552,614,119,810,745,517,428,425,745,677,297,586,407,248,867,814,242,1041,1091,551,236,93,930,727,393,1140,705,283,841,728,582,818,915,260,680,95,612,630,537,902,666,344,437,693,464,1165
952,942,305,860,1024,793,1133,462,748,942,259,956,615,1157,344,228,342,636,332,369,917,924,1071,1025,630,895,611,408,739,912,326,414,174,1121,881,667,632,594,489,930,753,297,870,453,1195,832,531,991,434,126,895,454,683,921,424,683,855,83,656,838,423,428,1075,858,115,1056,0,916,829,826,565,617,864,402,928,319,614,1046,648,973,866,650,876,697,1050,380,436,759,936,660,311,855,771,698,849,809,628,443,954,164,93,781,831,1008,500,634,673,92,395,972,378,390,897,386,720,1102,392,1047,700,433,585,355,712,844,679,594,942,130
720,323,678,899,566,134,293,567,169,868,750,417,884,389,770,761,663,300,755,781,759,242,253,208,563,396,485,575,257,131,916,511,810,476,316,473,809,576,829,299,525,646,411,912,438,143,709,106,911,961,246,598,238,57,595,820,516,912,262,620,678,694,182,448,865,482,916,0,275,768,394,426,434,515,209,924,353,263,272,302,145,443,878,238,376,854,488,780,56,338,670,978,349,811,111,395,467,518,636,978,987,827,483,531,579,347,374,1009,524,201,887,526,102,555,480,300,543,395,839,526,347,626,258,177,614,351,30,1045
930,575,672,1063,811,295,563,619,228,1056,739,663,984,664,793,738,513,373,773,813,956,497,527,483,691,627,264,598,106,392,928,493,773,745,550,230,922,690,897,549,700,533,634,961,713,139,798,379,955,907,70,652,231,328,430,947,724,850,259,812,727,745,441,175,812,741,829,275,0,940,457,225,653,471,467,932,441,538,319,563,129,215,1049,192,644,886,404,932,330,460,665,1129,537,943,334,597,243,387,857,933,914,980,687,776,382,197,512,918,488,471,917,473,176,443,218,574,532,661,968,543,392,485,142,402,758,247,302,958
163,499,549,132,357,664,742,432,714,129,571,426,282,673,482,602,875,574,494,459,102,561,693,681,269,403,949,494,845,652,558,594,652,545,471,985,216,289,362,514,244,790,377,446,679,824,294,746,462,760,959,417,715,722,882,174,269,756,692,158,411,402,789,1094,712,463,826,768,940,0,511,896,352,642,593,569,508,651,628,543,857,944,110,755,551,474,718,74,734,481,546,220,420,153,658,375,947,800,229,745,823,91,292,371,940,824,428,887,626,633,494,658,842,770,1031,688,572,530,171,520,572,842,812,591,195,768,767,898
549,383,290,622,522,260,569,174,257,637,362,416,526,592,376,377,427,96,360,387,553,359,506,462,244,356,439,182,353,355,522,157,431,573,324,473,464,237,448,369,299,364,339,523,632,373,341,444,521,585,494,206,227,381,404,492,372,542,198,418,287,303,525,592,492,519,565,394,457,511,0,385,342,191,363,529,49,480,142,410,412,432,614,265,492,460,234,489,396,97,282,680,222,489,302,276,436,313,504,597,620,535,336,496,446,314,128,656,186,408,494,209,419,304,519,537,173,492,514,138,65,387,318,282,317,257,413,687
926,649,510,1005,857,370,714,505,286,1022,568,720,875,794,641,560,289,339,618,665,936,584,665,616,628,671,64,464,171,503,760,347,585,841,606,88,827,616,769,625,677,320,666,817,843,290,693,530,807,706,295,534,231,463,205,862,732,647,235,797,598,617,608,252,615,815,617,426,225,896,385,0,679,309,564,763,394,663,293,653,309,48,998,205,741,735,225,871,472,435,504,1056,550,863,430,614,53,178,869,735,706,916,694,825,160,88,487,703,328,586,762,303,355,238,139,711,384,753,884,415,327,265,167,477,702,130,456,743
285,148,560,485,182,357,396,402,428,437,618,100,548,349,577,644,769,343,574,570,326,210,343,328,261,53,741,456,575,309,710,491,703,264,121,761,464,296,550,162,147,704,24,646,370,520,424,397,654,849,654,415,456,383,742,455,84,820,444,194,471,477,437,823,769,192,864,434,653,352,342,679,0,530,243,720,306,302,385,193,547,720,458,493,223,625,574,384,393,255,553,572,129,440,332,66,732,649,205,849,899,427,62,154,774,593,213,948,523,281,657,549,522,645,794,344,494,209,468,442,371,729,549,260,263,550,428,972
711,571,204,733,709,391,738,215,348,772,268,607,573,774,333,267,243,239,310,356,703,539,676,629,377,547,341,162,368,513,459,48,307,763,513,391,534,353,462,555,467,173,529,508,816,441,398,589,499,451,527,239,286,519,239,575,552,398,257,581,293,311,674,556,354,710,402,515,471,642,191,309,530,0,537,462,235,655,246,596,478,356,732,307,680,426,86,602,533,287,198,772,413,579,448,466,348,162,679,472,472,642,518,685,301,279,318,495,20,579,455,18,503,128,446,711,78,681,597,123,189,205,335,449,449,224,540,530
523,115,647,726,358,194,207,505,278,680,717,209,756,240,709,736,741,298,699,711,569,34,144,105,437,197,628,536,418,77,853,515,792,281,122,631,675,461,728,91,363,700,218,820,286,328,601,154,824,945,450,530,335,152,689,676,327,904,341,437,605,617,200,643,854,275,928,209,467,593,363,564,243,537,0,863,313,118,308,95,344,594,701,359,179,778,545,618,158,271,639,811,203,663,137,223,613,600,436,954,983,663,300,322,696,476,277,1019,539,48,812,553,308,619,650,174,535,194,692,499,348,701,404,92,470,454,194,1050
719,837,260,572,844,789,1068,360,777,669,195,820,315,1058,154,204,561,624,168,151,670,847,1005,968,458,764,782,349,827,874,11,439,197,984,779,837,355,424,207,834,581,479,735,140,1086,885,305,969,120,212,986,333,728,909,620,404,683,235,696,629,257,247,1046,1014,215,907,319,924,932,569,529,763,720,462,863,0,572,972,659,877,924,807,594,757,936,98,539,496,924,600,267,551,668,422,829,683,793,591,746,186,277,505,670,838,701,742,585,347,444,911,75,463,940,532,893,1025,400,926,417,401,579,551,793,797,476,686,942,346
532,336,338,625,488,219,520,213,229,631,409,375,549,544,418,425,465,68,404,427,541,310,457,413,249,315,452,229,340,307,564,205,480,528,278,482,482,249,480,321,283,407,300,559,584,346,366,398,558,633,472,244,211,336,436,506,344,591,185,402,325,340,478,587,541,477,614,353,441,508,49,394,306,235,313,572,0,431,122,362,384,440,614,250,445,500,269,493,351,52,330,688,181,501,257,239,447,343,480,645,670,540,307,460,471,317,96,705,232,359,534,252,386,341,524,488,222,446,527,186,68,425,306,233,319,264,370,736
555,154,763,783,358,297,97,618,377,722,832,229,843,131,819,851,855,416,810,820,610,124,41,56,533,249,726,652,506,160,962,633,908,220,199,723,760,561,827,145,442,817,278,921,180,402,699,167,926,1061,507,641,441,210,801,755,382,1021,450,493,714,725,156,711,970,250,1046,263,538,651,480,663,302,655,118,972,431,0,423,109,409,689,754,459,131,885,661,687,207,387,755,872,304,741,234,305,710,713,463,1070,1100,730,364,325,803,577,388,1137,657,79,918,671,365,734,736,56,653,155,769,616,466,815,498,207,555,562,238,1168
638,370,408,747,564,145,498,314,117,748,480,432,668,549,509,489,432,54,492,523,654,318,439,390,372,380,355,310,218,272,653,239,538,566,321,376,603,371,590,349,394,395,374,664,594,231,483,343,660,689,352,347,88,273,383,628,440,640,64,512,427,444,428,466,592,531,648,272,319,628,142,293,385,246,308,659,122,423,0,383,270,335,734,128,472,597,238,615,287,148,400,810,257,624,203,320,346,292,578,706,715,662,402,533,399,208,202,741,253,344,630,259,280,311,413,478,271,479,649,258,81,392,185,216,440,165,295,776
453,45,681,675,270,285,204,530,369,617,748,127,736,184,726,769,812,363,719,725,505,69,150,141,430,140,717,570,512,172,867,567,827,188,97,722,653,460,724,43,333,764,169,820,222,424,597,231,825,979,546,551,422,245,766,647,273,942,424,384,620,630,251,739,891,179,973,302,563,543,410,653,193,596,95,877,362,109,383,0,440,685,646,448,89,787,614,578,249,313,674,763,209,632,231,200,703,675,362,985,1022,620,255,235,779,564,302,1062,595,107,821,613,402,688,744,153,583,100,660,540,409,772,496,175,448,538,285,1091
830,456,667,985,696,193,434,585,155,967,737,546,933,534,776,742,577,317,758,792,862,376,398,354,624,516,363,577,140,268,918,488,785,619,437,341,865,630,860,430,613,578,526,934,584,38,750,249,930,928,107,617,196,200,500,884,623,875,227,719,697,714,314,302,832,620,866,145,129,857,412,309,547,478,344,924,384,409,270,440,0,316,967,171,518,866,430,858,201,388,659,1057,441,878,217,497,342,437,752,950,945,906,588,660,469,247,436,958,492,344,899,485,48,485,340,445,525,536,905,523,351,544,158,288,685,273,172,996
971,683,556,1053,896,400,735,554,316,1070,612,758,924,820,688,604,314,383,665,712,982,616,688,640,676,710,49,513,185,530,805,395,627,873,643,41,876,664,818,659,723,355,706,864,869,302,742,549,854,743,285,583,267,485,229,911,775,684,275,843,647,665,624,210,653,851,650,443,215,944,432,48,720,356,594,807,440,689,335,685,316,0,1046,236,773,781,272,919,492,479,551,1105,592,911,458,655,27,218,913,773,740,964,737,864,169,126,532,733,376,613,808,350,364,278,90,734,432,785,933,464,373,295,190,509,750,176,473,774
224,604,618,36,439,774,842,518,822,81,629,526,283,767,533,660,958,680,548,506,157,668,796,786,369,508,1049,578,952,761,583,684,705,631,578,1086,244,383,391,620,354,871,483,459,769,933,357,854,478,797,1068,498,822,831,971,193,374,801,798,263,478,466,895,1201,761,552,876,878,1049,110,614,998,458,732,701,594,614,754,734,646,967,1046,0,862,648,505,811,130,843,589,616,127,530,177,768,484,1048,893,309,777,862,96,400,458,1033,928,536,929,715,740,519,747,952,859,1133,787,659,626,178,609,675,927,919,700,296,871,877,935
758,447,498,875,665,164,515,430,81,874,568,523,792,590,612,572,425,182,593,630,778,379,463,414,500,478,269,414,89,298,752,319,614,636,408,275,730,498,708,423,519,415,477,776,639,134,606,336,770,757,232,462,40,266,357,755,556,704,67,635,540,558,418,339,661,614,697,238,192,755,265,205,493,307,359,757,250,459,128,448,171,236,862,0,537,704,261,743,276,274,491,939,368,752,225,431,254,281,692,779,774,790,518,631,346,118,328,789,321,381,736,314,199,322,302,508,357,549,777,359,200,389,58,273,569,113,267,827
438,109,754,679,231,373,199,600,456,608,818,128,770,126,789,841,900,450,784,785,497,157,167,184,481,174,806,644,598,252,926,649,899,101,169,810,686,513,772,125,370,850,204,869,149,506,646,291,876,1050,622,618,511,319,855,674,290,1016,513,395,682,690,287,820,964,119,1050,376,644,551,492,741,223,680,179,936,445,131,472,89,518,773,648,537,0,844,701,596,320,394,746,770,279,657,317,253,791,764,345,1054,1095,635,283,200,868,653,377,1138,678,174,876,697,478,776,830,144,663,24,685,617,495,859,583,264,487,627,355,1166
621,746,225,486,746,719,982,286,715,578,181,725,235,967,93,204,566,557,116,74,573,761,920,884,363,671,761,289,780,795,87,395,224,888,690,814,263,330,114,744,484,479,641,87,993,827,206,892,73,291,936,256,672,835,615,313,585,300,640,530,175,162,966,983,266,810,380,854,886,474,460,735,625,426,778,98,500,885,597,787,866,781,505,704,844,0,509,401,850,522,230,475,581,330,755,591,770,571,647,272,356,413,574,740,693,703,502,424,407,827,34,431,878,516,870,938,356,833,327,344,516,550,745,718,378,645,870,429
777,595,285,814,756,377,736,298,319,847,344,642,659,785,416,338,198,250,393,440,774,552,677,628,450,584,255,248,306,509,536,130,370,790,540,305,619,429,548,576,529,159,570,592,830,395,483,574,582,504,465,324,251,502,170,658,606,448,227,646,379,397,659,475,408,745,436,488,404,718,234,225,574,86,545,539,269,661,238,614,430,272,811,261,701,509,0,682,515,321,279,855,450,662,438,508,262,82,738,529,516,723,571,729,221,207,362,528,106,582,536,78,461,74,361,716,164,705,681,205,207,158,276,453,523,159,516,566
235,533,491,133,417,667,781,387,709,183,507,468,209,720,415,539,828,561,428,390,177,587,728,711,244,437,921,448,833,671,485,554,586,599,498,960,142,255,288,545,256,741,409,371,730,823,232,768,387,690,956,368,703,737,841,99,307,688,678,202,351,341,817,1080,645,517,759,780,932,74,489,871,384,602,618,496,493,687,615,578,858,919,130,743,596,401,682,0,750,473,489,199,431,79,669,395,920,763,292,673,753,47,322,427,903,804,422,818,584,661,420,617,847,729,1007,727,529,576,99,478,552,796,800,604,174,746,782,828
677,273,685,866,516,142,242,564,200,829,757,367,865,334,770,770,697,306,756,778,719,192,198,153,542,351,533,579,307,84,916,525,821,420,272,524,788,559,818,249,493,675,369,904,383,196,695,59,904,974,302,594,270,15,632,796,476,926,289,582,674,688,143,504,878,428,936,56,330,734,396,472,393,533,158,924,351,207,287,249,201,492,843,276,320,850,515,750,0,328,676,947,319,786,94,358,515,552,591,989,1002,797,445,480,621,391,358,1028,541,146,884,546,158,585,533,245,554,340,814,532,356,659,304,146,589,388,36,1063
491,285,376,603,437,208,479,239,237,600,446,322,549,496,445,464,518,96,433,451,506,264,415,373,235,262,495,265,363,274,591,255,520,476,226,521,477,242,491,271,246,459,248,575,535,352,371,370,575,674,483,267,234,313,487,496,298,634,212,364,346,360,446,613,583,425,660,338,460,481,97,435,255,287,271,600,52,387,148,313,388,479,589,274,394,522,321,473,328,0,368,670,129,489,234,188,488,394,435,683,713,520,260,409,520,354,54,751,284,318,556,304,384,393,560,443,269,394,516,228,116,478,331,198,299,304,351,781
654,639,8,608,713,537,847,150,515,671,80,647,406,858,137,96,356,370,114,163,628,631,784,742,322,586,531,103,560,637,262,172,153,813,579,584,387,287,283,630,443,266,561,314,894,621,258,726,303,306,719,144,463,662,393,435,544,269,432,534,138,151,807,754,217,745,311,670,665,546,282,504,553,198,639,267,330,755,400,674,659,551,616,491,746,230,279,489,676,368,0,628,467,444,583,500,540,342,647,315,348,520,520,696,468,476,371,394,179,686,257,201,677,288,639,811,134,741,456,144,322,332,526,563,377,420,690,420
352,720,629,92,566,866,962,557,907,197,625,646,239,891,523,655,982,756,542,494,284,780,914,901,438,623,1103,611,1028,867,541,725,692,758,689,1144,241,443,367,734,453,893,597,411,894,1022,376,963,430,762,1154,532,899,935,1006,197,490,775,873,379,493,478,1009,1273,740,677,855,978,1129,220,680,1056,572,772,811,551,688,872,810,763,1057,1105,127,939,770,475,855,199,947,670,628,0,629,193,867,590,1104,935,436,737,828,151,511,584,1073,993,620,897,753,852,481,785,1046,894,1194,908,695,749,175,650,744,955,994,802,371,934,980,897
393,172,474,550,310,247,401,321,309,525,539,194,554,393,517,562,647,214,510,517,421,181,339,307,234,133,612,364,453,242,659,378,620,352,112,633,474,259,525,166,176,587,120,618,427,410,398,341,623,771,546,341,330,306,616,479,188,736,317,278,411,421,402,703,684,297,771,349,537,420,222,550,129,413,203,668,181,304,257,209,441,592,530,368,279,581,450,431,319,129,467,629,0,467,238,63,603,523,324,776,815,478,150,280,646,465,98,859,408,251,614,431,423,523,668,357,387,275,496,339,244,607,425,173,271,421,350,886
315,587,445,164,491,692,836,364,726,247,452,529,129,783,355,484,794,570,371,328,256,635,782,761,254,493,909,419,841,710,411,531,527,668,546,951,67,253,216,596,300,705,463,294,796,842,186,809,311,621,972,339,712,772,814,20,367,623,685,270,307,293,864,1082,583,586,698,811,943,153,489,863,440,579,663,422,501,741,624,632,878,911,177,752,657,330,662,79,786,489,444,193,467,0,700,440,910,742,369,603,686,83,377,498,880,801,442,752,560,708,347,592,871,702,1001,784,503,639,28,456,554,765,806,640,196,742,816,759
617,240,591,789,478,63,298,469,143,760,664,329,775,365,675,677,628,214,661,683,653,163,242,192,453,299,494,485,281,74,821,436,730,418,220,494,699,468,724,215,415,597,310,809,413,196,602,143,809,882,325,499,207,79,569,710,411,836,218,512,579,594,226,509,787,407,849,111,334,658,302,430,332,448,137,829,257,234,203,231,217,458,768,225,317,755,438,669,94,234,583,867,238,700,0,287,478,484,536,897,913,716,377,443,568,343,266,942,454,155,789,462,189,510,513,284,463,331,728,438,265,588,267,71,503,328,118,976
334,156,507,507,248,304,403,350,370,473,568,147,538,376,535,593,703,276,530,531,366,194,345,320,230,86,676,400,515,277,672,427,651,312,106,697,455,261,524,160,140,640,63,620,403,468,397,372,626,800,603,366,394,347,676,454,127,768,380,225,429,436,423,764,717,248,809,395,597,375,276,614,66,466,223,683,239,305,320,200,497,655,484,431,253,591,508,395,358,188,500,590,63,440,287,0,667,583,261,802,847,441,90,220,708,529,148,894,459,267,624,484,475,579,731,354,432,244,469,382,305,663,488,217,250,484,392,920
979,700,545,1054,909,419,758,550,335,1074,599,773,919,841,677,589,290,392,654,702,988,634,711,662,678,723,21,507,209,550,792,388,611,891,658,43,873,665,810,676,730,335,719,854,890,327,738,572,844,723,312,579,282,507,206,909,785,664,288,850,640,658,648,230,635,867,628,467,243,947,436,53,732,348,613,793,447,710,346,703,342,27,1048,254,791,770,262,920,515,488,540,1104,603,910,478,667,0,202,922,754,719,965,747,877,143,140,540,711,368,633,797,340,389,262,99,756,425,803,931,459,379,273,212,527,752,183,497,752
859,659,346,895,831,420,782,377,351,930,397,713,734,841,479,387,145,315,456,505,856,611,726,676,532,655,191,324,302,557,589,210,408,856,607,246,697,511,619,640,610,146,643,656,887,407,560,611,645,527,453,402,282,540,93,738,685,469,265,727,453,471,696,429,436,814,443,518,387,800,313,178,649,162,600,591,343,713,292,675,437,218,893,281,764,571,82,763,552,394,342,935,523,742,484,583,202,0,817,556,529,804,648,803,139,193,438,531,181,634,596,150,475,60,302,766,240,770,760,285,278,108,279,508,606,167,547,571
92,324,653,343,130,562,544,504,631,262,696,234,497,459,627,726,922,530,632,611,154,401,504,503,325,240,930,567,777,507,735,634,782,321,319,954,419,360,547,346,212,847,226,640,459,725,443,588,654,912,859,503,654,583,908,388,137,896,640,117,532,531,614,1026,847,242,954,636,857,229,504,869,205,679,436,746,480,463,578,362,752,913,309,692,345,647,738,292,591,435,647,436,324,369,536,261,922,817,0,904,970,320,175,149,950,786,384,1028,667,465,674,697,726,803,991,489,626,322,392,570,548,884,750,465,277,739,628,1046
887,948,307,756,991,847,1162,454,816,850,237,947,501,1169,277,219,482,682,275,292,843,945,1099,1057,595,887,739,418,835,952,196,467,167,1113,889,795,535,558,386,941,721,419,860,326,1203,913,462,1040,306,37,994,436,757,974,558,585,825,93,728,786,379,376,1122,984,120,1041,164,978,933,745,597,735,849,472,954,186,645,1070,706,985,950,773,777,779,1054,272,529,673,989,683,315,737,776,603,897,802,754,556,904,0,95,686,806,980,638,735,683,164,458,1002,258,465,975,496,851,1125,435,1047,599,459,632,486,804,878,628,688,1000,160
959,987,341,842,1050,860,1190,497,820,933,280,994,589,1206,344,254,435,699,338,365,919,977,1127,1083,653,934,702,451,821,973,287,477,196,1160,927,758,618,616,470,978,778,385,907,417,1242,909,534,1056,398,65,979,483,757,988,516,669,882,79,729,853,438,439,1140,949,130,1091,93,987,914,823,620,706,899,472,983,277,670,1100,715,1022,945,740,862,774,1095,356,516,753,1002,713,348,828,815,686,913,847,719,529,970,95,0,769,861,1037,592,718,719,70,462,1029,347,462,973,471,812,1156,450,1090,684,484,647,446,793,902,693,675,1011,75
252,576,522,90,448,715,822,427,757,164,533,508,201,759,437,564,865,608,452,411,187,632,771,755,291,480,965,486,880,717,494,594,609,634,542,1004,150,299,299,589,303,777,452,374,767,871,262,814,391,705,1004,406,750,784,881,100,348,707,725,240,382,370,862,1126,666,551,781,827,980,91,535,916,427,642,663,505,540,730,662,620,906,964,96,790,635,413,723,47,797,520,520,151,478,83,716,441,965,804,320,686,769,0,366,460,944,849,469,836,624,706,429,657,895,768,1053,768,568,615,90,519,598,834,847,651,221,791,829,843
243,210,526,425,194,395,459,369,459,384,580,156,487,409,531,607,761,354,531,523,275,268,406,389,212,115,755,427,603,362,659,476,666,314,178,779,403,248,494,223,90,691,86,591,428,559,370,454,600,808,694,378,479,434,740,393,38,783,464,137,427,431,497,853,732,236,831,483,687,292,336,694,62,518,300,670,307,364,402,255,588,737,400,518,283,574,571,322,445,260,520,511,150,377,377,90,747,648,175,806,861,366,0,176,778,611,211,912,509,341,605,537,566,639,815,406,474,267,405,419,375,721,575,306,205,564,480,935
240,207,703,491,35,482,399,546,560,411,756,114,621,310,704,784,924,493,704,693,303,288,365,371,385,153,888,603,708,399,827,645,842,174,225,904,539,422,651,232,259,859,160,747,310,639,533,467,758,984,768,554,597,474,896,517,155,959,589,228,601,604,480,950,908,93,1008,531,776,371,496,825,154,685,322,838,460,325,533,235,660,864,458,631,200,740,729,427,480,409,696,584,280,498,443,220,877,803,149,980,1037,460,176,0,926,738,368,1089,677,342,770,703,628,800,934,345,646,176,523,593,525,884,686,374,362,698,517,1111
994,769,472,1034,956,506,861,517,426,1069,514,830,869,933,604,498,157,433,580,632,994,712,809,759,671,775,122,462,329,643,701,349,508,964,720,173,834,651,750,747,745,223,766,780,981,447,698,681,767,605,452,540,362,612,81,876,815,545,355,863,588,605,761,363,522,930,500,579,382,940,446,160,774,301,696,701,471,803,399,779,469,169,1033,346,868,693,221,903,621,520,468,1073,646,880,568,708,143,139,950,638,592,944,778,926,0,231,567,578,320,724,716,288,514,181,222,853,377,877,898,424,403,152,320,605,745,241,609,619
846,560,483,937,770,282,632,452,199,949,547,633,824,708,609,544,330,258,587,631,859,496,581,532,559,584,152,420,108,417,738,308,577,752,518,167,770,550,726,537,599,339,580,782,757,220,639,450,774,710,261,484,143,381,253,802,649,653,148,718,554,572,530,285,615,727,634,347,197,824,314,88,593,279,476,742,317,577,208,564,247,126,928,118,653,703,207,804,391,354,476,993,465,801,343,529,140,193,786,735,718,849,611,738,231,0,407,723,297,499,732,279,288,247,206,626,347,664,824,368,252,298,91,389,632,60,378,763
438,268,378,551,394,250,483,229,287,546,445,291,509,487,432,466,556,149,422,435,452,263,420,382,189,229,546,268,417,294,576,280,524,451,208,574,435,202,460,259,192,492,211,549,523,401,337,393,551,676,534,253,287,343,530,450,248,640,266,310,328,340,465,667,588,393,673,374,512,428,128,487,213,318,277,585,96,388,202,302,436,532,536,328,377,502,362,422,358,54,371,620,98,442,266,148,540,438,384,683,719,469,211,368,567,407,0,761,312,325,536,336,429,432,614,443,288,374,469,240,164,516,385,218,249,356,384,789
1021,1030,387,910,1104,886,1225,545,841,999,333,1042,658,1247,406,305,421,729,398,428,982,1015,1162,1117,707,981,692,494,830,1004,356,506,247,1207,970,748,685,671,538,1019,832,385,955,487,1284,924,596,1084,467,135,984,534,776,1014,505,736,935,132,749,911,495,498,1168,940,181,1140,92,1009,918,887,656,703,948,495,1019,347,705,1137,741,1062,958,733,929,789,1138,424,528,818,1028,751,394,897,859,752,942,894,711,531,1028,164,70,836,912,1089,578,723,761,0,487,1064,416,483,989,476,800,1193,483,1134,752,522,677,438,803,935,751,685,1035,41
698,569,185,715,701,398,741,197,359,755,250,602,554,775,313,251,255,243,291,336,688,539,679,633,362,541,361,143,384,518,440,33,292,760,510,411,515,337,442,554,455,181,523,488,816,455,378,596,479,439,544,220,299,527,256,556,542,387,269,568,273,291,680,576,342,705,395,524,488,626,186,328,523,20,539,444,232,657,253,595,492,376,715,321,678,407,106,584,541,284,179,753,408,560,454,459,368,181,667,458,462,624,509,677,320,297,312,487,0,581,435,32,516,144,466,714,58,678,578,106,191,218,351,452,434,241,548,522
555,140,694,766,377,218,161,553,299,716,764,233,803,209,757,782,776,339,747,760,604,73,98,56,485,232,649,583,432,83,902,558,838,274,163,648,721,510,776,120,407,738,256,869,257,333,649,124,872,992,447,579,362,144,721,721,365,950,371,476,654,666,156,646,900,283,972,201,471,633,408,586,281,579,48,911,359,79,344,107,344,613,740,381,174,827,582,661,146,318,686,852,251,708,155,267,633,634,465,1002,1029,706,341,342,724,499,325,1064,581,0,861,594,303,655,664,133,580,194,737,545,390,736,422,129,516,482,181,1095
644,779,251,498,775,753,1016,320,748,594,201,757,242,1000,123,220,585,590,144,107,595,795,954,918,396,703,787,322,811,829,64,425,233,919,723,840,280,363,131,778,515,499,673,75,1026,860,236,926,57,281,967,290,704,869,636,329,616,296,672,557,210,196,1001,1011,268,841,378,887,917,494,494,762,657,455,812,75,534,918,630,821,899,808,519,736,876,34,536,420,884,556,257,481,614,347,789,624,797,596,674,258,347,429,605,770,716,732,536,416,435,861,0,458,911,540,896,971,385,865,342,376,549,570,776,752,407,674,904,417
729,588,206,747,728,404,753,229,358,788,268,625,584,791,337,265,225,255,315,362,720,555,692,644,394,565,333,174,371,528,460,65,301,781,531,384,547,370,471,572,485,155,547,513,833,449,410,602,503,443,531,252,295,532,224,588,570,390,267,598,303,321,687,553,346,728,390,526,473,658,209,303,549,18,553,463,252,671,259,613,485,350,747,314,697,431,78,617,546,304,201,785,431,592,462,484,340,150,697,465,462,657,537,703,288,279,336,483,32,594,458,0,511,111,439,727,89,699,610,138,205,187,339,464,466,226,551,519
807,421,685,971,663,179,386,594,163,948,757,513,933,488,790,763,617,322,773,804,841,340,352,309,618,488,410,591,184,230,934,509,808,578,408,390,862,627,866,396,597,613,500,943,538,68,752,202,940,954,143,626,217,159,542,879,600,902,247,700,706,723,266,346,858,582,897,102,176,842,419,355,522,503,308,940,386,365,280,402,48,364,952,199,478,878,461,847,158,384,677,1046,423,871,189,475,389,475,726,975,973,895,566,628,514,288,429,989,516,303,911,511,0,520,389,399,545,497,899,538,362,582,197,261,677,308,126,1027
838,669,292,859,826,448,808,341,386,900,340,715,687,860,425,328,124,325,401,452,831,626,750,701,505,656,250,283,353,582,531,176,348,865,614,305,654,481,569,651,592,93,641,602,904,453,518,644,589,468,508,362,317,572,112,697,674,410,295,707,406,424,729,489,376,818,386,555,443,770,304,238,645,128,619,532,341,734,311,688,485,278,859,322,776,516,74,729,585,393,288,894,523,702,510,579,262,60,803,496,471,768,639,800,181,247,432,476,144,655,540,111,520,0,361,789,200,780,719,250,281,84,328,527,577,212,583,515
1052,746,644,1141,967,459,773,644,376,1155,699,825,1014,866,776,689,378,464,754,801,1066,675,732,685,764,780,112,603,232,581,891,485,709,931,710,56,966,753,908,722,806,431,779,953,916,336,832,586,943,819,280,674,338,528,296,1001,854,760,351,925,737,755,655,141,732,915,720,480,218,1031,519,139,794,446,650,893,524,736,413,744,340,90,1133,302,830,870,361,1007,533,560,639,1194,668,1001,513,731,99,302,991,851,812,1053,815,934,222,206,614,800,466,664,896,439,389,361,0,778,522,844,1023,554,459,366,249,570,837,262,509,841
581,198,819,818,375,348,55,673,427,751,888,261,889,89,873,907,909,472,865,874,639,180,46,94,583,291,773,708,550,210,1016,690,964,214,249,768,806,612,877,194,487,872,321,972,139,442,750,196,978,1117,539,696,491,250,854,799,420,1077,502,529,768,778,159,745,1027,260,1102,300,574,688,537,711,344,711,174,1025,488,56,478,153,445,734,787,508,144,938,716,727,245,443,811,908,357,784,284,354,756,766,489,1125,1156,768,406,345,853,626,443,1193,714,133,971,727,399,789,778,0,710,168,812,672,522,869,544,263,602,613,272,1224
651,553,141,659,668,412,741,141,384,702,212,578,495,766,262,218,303,249,241,284,638,532,679,633,313,517,419,84,427,523,396,39,267,739,494,468,457,286,385,541,413,222,496,435,805,487,320,607,426,419,585,163,329,539,312,498,505,372,298,522,215,233,690,629,323,680,392,543,532,572,173,384,494,78,535,400,222,653,271,583,525,432,659,357,663,356,164,529,554,269,134,695,387,503,463,432,425,240,626,435,450,568,474,646,377,347,288,483,58,580,385,89,545,200,522,710,0,661,520,55,198,269,392,452,382,289,565,515
415,110,749,657,207,385,223,593,469,585,812,110,753,144,780,836,904,455,775,775,475,169,192,207,469,162,817,640,612,269,916,649,894,88,168,823,670,502,759,130,356,852,191,856,161,522,633,313,863,1044,641,611,522,338,862,656,271,1011,522,375,673,681,311,837,959,95,1047,395,661,530,492,753,209,681,194,926,446,155,479,100,536,785,626,549,24,833,705,576,340,394,741,749,275,639,331,244,803,770,322,1047,1090,615,267,176,877,664,374,1134,678,194,865,699,497,780,844,168,661,0,667,615,498,864,597,275,472,637,375,1162
334,615,457,159,515,719,865,383,752,252,459,557,112,811,360,490,808,596,377,332,273,663,810,789,280,521,930,436,866,738,406,550,531,695,575,973,69,278,214,625,329,719,491,284,823,868,201,837,302,619,998,357,737,801,831,22,395,624,710,296,319,305,893,1106,585,612,700,839,968,171,514,884,468,597,692,417,527,769,649,660,905,933,178,777,685,327,681,99,814,516,456,175,496,28,728,469,931,760,392,599,684,90,405,523,898,824,469,752,578,737,342,610,899,719,1023,812,520,667,0,476,579,780,831,668,225,765,844,757
596,508,153,609,614,392,706,92,375,649,225,529,459,724,253,239,358,226,234,270,584,493,643,600,257,467,456,54,437,493,395,75,293,691,448,501,415,231,358,497,358,278,445,417,762,484,279,581,411,447,591,119,328,517,362,453,450,405,296,466,186,204,663,653,354,630,433,526,543,520,138,415,442,123,499,401,186,616,258,540,523,464,609,359,617,344,205,478,532,228,144,650,339,456,438,382,459,285,570,459,484,519,419,593,424,368,240,522,106,545,376,138,538,250,554,672,55,615,476,0,178,323,402,420,328,308,546,552
600,388,330,685,553,215,549,233,198,696,403,435,592,586,428,414,406,51,411,442,608,351,488,441,307,377,384,230,287,327,573,170,465,583,332,415,530,301,510,370,351,355,364,583,629,312,406,409,579,617,430,266,162,341,371,557,413,570,132,470,346,363,492,528,522,537,585,347,392,572,65,327,371,189,348,579,68,466,81,409,351,373,675,200,495,516,207,552,356,116,322,744,244,554,265,305,379,278,548,632,647,598,375,525,403,252,164,677,191,390,549,205,362,281,459,522,198,498,579,178,0,365,252,260,379,197,368,711
917,753,335,924,910,526,887,409,459,971,368,800,739,941,463,350,40,408,440,492,907,709,830,780,580,741,255,348,407,661,551,252,357,949,698,311,713,555,616,734,673,71,725,637,987,514,578,718,623,454,554,428,389,647,71,758,756,395,371,786,462,478,803,503,370,902,355,626,485,842,387,265,729,205,701,551,425,815,392,772,544,295,927,389,859,550,158,796,659,478,332,955,607,765,588,663,273,108,884,486,446,834,721,884,152,298,516,438,218,736,570,187,582,84,366,869,269,864,780,323,365,0,386,609,651,275,655,479
816,498,533,932,720,211,547,477,127,932,601,576,843,629,652,603,419,239,632,671,836,427,499,450,556,533,229,456,35,339,788,354,641,684,462,226,782,553,755,473,577,421,533,819,678,129,657,362,813,780,192,509,97,296,344,809,613,724,121,693,585,603,441,281,684,666,712,258,142,812,318,167,549,335,404,793,306,498,185,496,158,190,919,58,583,745,276,800,304,331,526,994,425,806,267,488,212,279,750,804,793,847,575,686,320,91,385,803,351,422,776,339,197,328,249,544,392,597,831,402,252,386,0,322,625,117,289,842
545,176,571,722,409,111,289,437,194,690,642,260,720,332,643,659,649,209,631,648,582,106,227,181,398,228,541,461,340,77,789,429,713,363,149,547,642,416,678,151,349,609,238,767,378,265,554,175,769,867,396,464,246,132,598,650,340,824,250,442,543,556,248,576,774,344,844,177,402,591,282,477,260,449,92,797,233,207,216,175,288,509,700,273,264,718,453,604,146,198,563,802,173,640,71,217,527,508,465,878,902,651,306,374,605,389,218,935,452,129,752,464,261,527,570,263,452,275,668,420,260,609,322,0,443,364,177,968
276,404,382,306,367,497,653,245,536,324,420,361,287,613,350,450,686,386,355,336,256,443,595,571,74,314,754,310,659,514,465,401,505,517,357,790,205,97,290,410,116,604,283,387,633,650,171,613,397,635,782,237,529,576,689,207,209,619,504,159,256,253,671,906,570,437,679,614,758,195,317,702,263,449,470,476,319,555,440,448,685,750,296,569,487,378,523,174,589,299,377,371,271,196,503,250,752,606,277,628,693,221,205,362,745,632,249,751,434,516,407,466,677,577,837,602,382,472,225,328,379,651,625,443,0,574,619,768
795,530,426,879,729,265,624,392,188,893,492,596,763,692,551,491,312,209,530,572,805,470,570,520,501,545,191,361,146,402,682,249,527,725,484,218,710,491,666,507,547,305,539,723,739,241,578,448,715,663,306,424,121,377,244,742,602,608,114,666,494,512,531,345,568,693,594,351,247,768,257,130,550,224,454,686,264,562,165,538,273,176,871,113,627,645,159,746,388,304,420,934,421,742,328,484,183,167,739,688,675,791,564,698,241,60,356,685,241,482,674,226,308,212,262,613,289,637,765,308,197,275,117,364,574,0,381,724
713,310,698,899,552,153,263,583,197,864,771,404,893,362,788,783,692,320,773,798,754,229,225,182,570,387,516,594,288,120,934,534,833,454,308,504,816,586,842,285,526,674,404,926,411,173,720,77,926,984,269,614,266,45,625,826,511,935,289,617,694,709,152,473,888,464,942,30,302,767,413,456,428,540,194,942,370,238,295,285,172,473,877,267,355,870,516,782,36,351,690,980,350,816,118,392,497,547,628,1000,1011,829,480,517,609,378,384,1035,548,181,904,551,126,583,509,272,565,375,844,546,368,655,289,177,619,381,0,1070
1035,1058,413,915,1125,921,1257,570,877,1007,354,1067,660,1276,420,327,462,762,413,440,994,1045,1194,1149,728,1006,733,522,869,1038,356,540,269,1233,998,789,692,691,543,1048,853,425,980,486,1313,962,609,1118,466,138,1024,557,813,1049,546,742,957,152,785,928,514,515,1203,981,203,1165,130,1045,958,898,687,743,972,530,1050,346,736,1168,776,1091,996,774,935,827,1166,429,566,828,1063,781,420,897,886,759,976,920,752,571,1046,160,75,843,935,1111,619,763,789,41,522,1095,417,519,1027,515,841,1224,515,1162,757,552,711,479,842,968,768,724,1070,0
